function m = palette1

m = [.000  .000  .000; ... 
 .490  .012  .510 ; ...
 .482  .020  .518; ... 
 .471  .031  .529; ... 
 .463  .039  .537; ... 
 .451  .051  .549; ... 
 .443  .059  .557; ... 
 .431  .071  .569; ... 
 .424  .078  .576 ; ...
 .412  .090  .588 ; ...
 .404  .098  .596 ; ...
 .392  .110  .608 ; ...
 .384  .118  .616 ; ...
 .373  .129  .627 ; ...
 .365  .137  .635 ; ...
 .353  .149  .647 ; ...
 .345  .157  .655 ; ...
 .333  .169  .667 ; ...
 .325  .176  .675 ; ...
 .314  .188  .686 ; ...
 .306  .196  .694 ; ...
 .294  .208  .706 ; ...
 .286  .216  .714 ; ...
 .275  .227  .725 ; ...
 .267  .235  .733 ; ...
 .255  .247  .745 ; ...
 .243  .255  .757 ; ...
 .235  .267  .765 ; ...
 .224  .275  .773 ; ...
 .216  .286  .784 ; ...
 .204  .294  .796 ; ...
 .196  .306  .804 ; ...
 .184  .314  .812 ; ...
 .176  .325  .824 ; ...
 .165  .333  .835 ; ...
 .157  .345  .843 ; ...
 .145  .353  .851 ; ...
 .137  .365  .863 ; ...
 .125  .373  .875 ; ...
 .118  .384  .882 ; ...
 .106  .392  .890 ; ...
 .098  .404  .902 ; ...
 .086  .412  .914 ; ...
 .078  .424  .922 ; ...
 .067  .431  .929 ; ...
 .059  .443  .941 ; ...
 .047  .451  .953 ; ...
 .039  .463  .961 ; ...
 .027  .471  .969 ; ...
 .020  .482  .980 ; ...
 .008  .490  .992 ; ...
 .000  .502 1.000 ; ...
 .012  .510 1.000 ; ...
 .020  .518 1.000 ; ...
 .031  .529 1.000 ; ...
 .039  .537 1.000 ; ...
 .051  .549 1.000 ; ...
 .059  .557 1.000 ; ...
 .071  .569 1.000 ; ...
 .078  .576 1.000 ; ...
 .090  .588 1.000 ; ...
 .098  .596 1.000 ; ...
 .110  .608 1.000 ; ...
 .118  .616 1.000 ; ...
 .129  .627 1.000 ; ...
 .137  .635 1.000 ; ...
 .149  .647 1.000 ; ...
 .157  .655 1.000 ; ...
 .169  .667 1.000 ; ...
 .176  .675 1.000 ; ...
 .188  .686 1.000 ; ...
 .196  .694 1.000 ; ...
 .208  .706 1.000 ; ...
 .216  .714 1.000 ; ...
 .227  .725 1.000 ; ...
 .235  .733 1.000 ; ...
 .247  .745 1.000 ; ...
 .255  .757 1.000 ; ...
 .267  .765 1.000 ; ...
 .275  .773 1.000 ; ...
 .286  .784 1.000 ; ...
 .294  .796 1.000 ; ...
 .306  .804 1.000 ; ...
 .314  .812 1.000 ; ...
 .325  .824 1.000 ; ...
 .333  .835 1.000 ; ...
 .345  .843 1.000 ; ...
 .353  .851 1.000 ; ...
 .365  .863 1.000 ; ...
 .373  .875 1.000 ; ...
 .384  .882 1.000 ; ...
 .392  .890 1.000 ; ...
 .404  .902 1.000 ; ...
 .412  .914 1.000 ; ...
 .424  .922 1.000 ; ...
 .431  .929 1.000 ; ...
 .443  .941 1.000 ; ...
 .451  .953 1.000 ; ...
 .463  .961 1.000 ; ...
 .471  .969 1.000 ; ...
 .482  .980 1.000 ; ...
 .490  .992 1.000 ; ...
 .502 1.000 1.000 ; ...
 .502 1.000  .980 ; ...
 .502 1.000  .961 ; ...
 .502 1.000  .941 ; ...
 .502 1.000  .922 ; ...
 .502 1.000  .902 ; ...
 .502 1.000  .882 ; ...
 .502 1.000  .863 ; ...
 .502 1.000  .843 ; ...
 .502 1.000  .824 ; ...
 .502 1.000  .804 ; ...
 .502 1.000  .784 ; ...
 .502 1.000  .765 ; ...
 .502 1.000  .745 ; ...
 .502 1.000  .725 ; ...
 .502 1.000  .706 ; ...
 .502 1.000  .686 ; ...
 .502 1.000  .667 ; ...
 .502 1.000  .647 ; ...
 .502 1.000  .627 ; ...
 .502 1.000  .608 ; ...
 .502 1.000  .588 ; ...
 .502 1.000  .569 ; ...
 .502 1.000  .549 ; ...
 .502 1.000  .529 ; ...
 .502 1.000  .510 ; ...
 .510 1.000  .502 ; ...
 .529 1.000  .502 ; ...
 .549 1.000  .502 ; ...
 .569 1.000  .502 ; ...
 .588 1.000  .502 ; ...
 .608 1.000  .502 ; ...
 .627 1.000  .502 ; ...
 .647 1.000  .502 ; ...
 .667 1.000  .502 ; ...
 .686 1.000  .502 ; ...
 .706 1.000  .502 ; ...
 .725 1.000  .502 ; ...
 .745 1.000  .502 ; ...
 .765 1.000  .502 ; ...
 .784 1.000  .502 ; ...
 .804 1.000  .502 ; ...
 .824 1.000  .502 ; ...
 .843 1.000  .502 ; ...
 .863 1.000  .502 ; ...
 .882 1.000  .502 ; ...
 .902 1.000  .502 ; ...
 .922 1.000  .502 ; ...
 .941 1.000  .502 ; ...
 .961 1.000  .502 ; ...
 .980 1.000  .502 ; ...
1.000 1.000  .502 ; ...
1.000  .988  .490 ; ...
1.000  .980  .482 ; ...
1.000  .969  .471 ; ...
1.000  .961  .463 ; ...
1.000  .949  .451 ; ...
1.000  .941  .443 ; ...
1.000  .929  .431 ; ...
1.000  .922  .424 ; ...
1.000  .910  .412 ; ...
1.000  .902  .404 ; ...
1.000  .890  .392 ; ...
1.000  .882  .384 ; ...
1.000  .871  .373 ; ...
1.000  .863  .365 ; ...
1.000  .851  .353 ; ...
1.000  .843  .345 ; ...
1.000  .831  .333 ; ...
1.000  .824  .325 ; ...
1.000  .812  .314 ; ...
1.000  .804  .306 ; ...
1.000  .792  .294 ; ...
1.000  .784  .286 ; ...
1.000  .773  .275 ; ...
1.000  .765  .267 ; ...
1.000  .753  .255 ; ...
1.000  .745  .243 ; ...
1.000  .733  .235 ; ...
1.000  .725  .224 ; ...
1.000  .714  .216 ; ...
1.000  .706  .204 ; ...
1.000  .694  .196 ; ...
1.000  .686  .184 ; ...
1.000  .675  .176 ; ...
1.000  .667  .165 ; ...
1.000  .655  .157 ; ...
1.000  .647  .145 ; ...
1.000  .635  .137 ; ...
1.000  .627  .125 ; ...
1.000  .616  .118 ; ...
1.000  .608  .106 ; ...
1.000  .596  .098 ; ...
1.000  .588  .086 ; ...
1.000  .576  .078 ; ...
1.000  .569  .067 ; ...
1.000  .557  .059 ; ...
1.000  .549  .047 ; ...
1.000  .537  .039 ; ...
1.000  .529  .027 ; ...
1.000  .518  .020 ; ...
1.000  .510  .008 ; ...
1.000  .502  .000 ; ...
 .988  .490  .000 ; ...
 .980  .482  .000 ; ...
 .969  .471  .000 ; ...
 .961  .463  .000 ; ...
 .949  .451  .000 ; ...
 .941  .443  .000 ; ...
 .929  .431  .000 ; ...
 .922  .424  .000 ; ...
 .910  .412  .000 ; ...
 .902  .404  .000 ; ...
 .890  .392  .000 ; ...
 .882  .384  .000 ; ...
 .871  .373  .000 ; ...
 .863  .365  .000 ; ...
 .851  .353  .000 ; ...
 .843  .345  .000 ; ...
 .831  .333  .000 ; ...
 .824  .325  .000 ; ...
 .812  .314  .000 ; ...
 .804  .306  .000 ; ...
 .792  .294  .000 ; ...
 .784  .286  .000 ; ...
 .773  .275  .000 ; ...
 .765  .267  .000 ; ...
 .753  .255  .000 ; ...
 .745  .243  .000 ; ...
 .733  .235  .000 ; ...
 .725  .224  .000 ; ...
 .714  .216  .000 ; ...
 .706  .204  .000 ; ...
 .694  .196  .000 ; ...
 .686  .184  .000 ; ...
 .675  .176  .000 ; ...
 .667  .165  .000 ; ...
 .655  .157  .000 ; ...
 .647  .145  .000 ; ...
 .635  .137  .000 ; ...
 .627  .125  .000 ; ...
 .616  .118  .000 ; ...
 .608  .106  .000 ; ...
 .596  .098  .000 ; ...
 .588  .086  .000 ; ...
 .576  .078  .000 ; ...
 .569  .067  .000 ; ...
 .557  .059  .000 ; ...
 .549  .047  .000 ; ...
 .537  .039  .000 ; ...
 .529  .027  .000 ; ...
 .518  .020  .000 ; ...
 .510  .008  .000 ; ...
1.000 1.000 1.000];
